8.350235362429987403e-05
-4.595964598851349670e-06
-3.868897169780003689e-04
8.420083906041949231e-05
3.517339813075974790e-04
-2.262509151314130826e-04
9.132111114983732869e-05
4.220887045139207140e-04
-4.588361555416476593e-04
-1.316621168641265852e-04
6.284906281886444351e-04
-3.401502427202372477e-04
2.067712733947230281e-04
1.436806594605171414e-03
-4.910159169221644171e-04
-4.945771097013417113e-04
1.796434448765187519e-03
-6.683997050882553278e-04
-1.479653924873185243e-03
2.693443646129463093e-03
4.868864333912679553e-05
-3.279018145976320305e-03
3.113829620936880722e-03
3.884813878308770747e-03
-1.312819794252393030e-03
2.964124011667703101e-03
3.293749802059331606e-03
-3.348893002048491507e-03
2.128873031250096137e-03
3.614221080075676919e-03
-6.602970491789868050e-03
-5.040269628789843109e-04
4.753724098931691802e-03
-1.082534812773003341e-02
-8.351821579955861705e-03
6.879904752788990052e-03
-1.075327953948229491e-03
-3.247830300032267421e-03
1.745452579072325665e-03
-1.367365521221533889e-02
-6.668397471339363759e-03
1.052318521512841422e-02
-2.276889964358716836e-02
-3.315612651975158309e-02
4.985489986718111798e-03
-1.797241619582776173e-02
-4.086219735920333662e-02
1.559729807960782803e-02
-5.399877154557679131e-03
-6.322543098627943225e-02
7.286613252021661991e-02
2.063742141017338161e-01
7.266869755926581853e-02
-6.288325542454584194e-02
-5.356097418105130147e-03
1.542890272774012986e-02
-4.031141875711405365e-02
-1.768206775927302910e-02
4.891635314764180946e-03
-3.244359549583689106e-02
-2.221904704748850490e-02
1.024113115001686926e-02
-6.472000673973683608e-03
-1.323478830100414429e-02
1.684824093960869814e-03
-3.126458831060035821e-03
-1.032314042248230843e-03
6.586631672012283403e-03
-7.973897556301842021e-03
-1.030713926413003370e-02
4.513727205097471488e-03
-4.772635875298345855e-04
-6.235124256065703238e-03
3.403451917697144450e-03
1.999178777048538688e-03
-3.136157207459039625e-03
3.075951226843383433e-03
2.760418891753683643e-03
-1.219188643689496842e-03
3.597662816573924532e-03
2.875588254909835096e-03
-3.019634252210069876e-03
4.471094023745736065e-05
2.466416700775433696e-03
-1.351101094133720518e-03
-6.085968062911889650e-04
1.631048917133318035e-03
-4.477629577777756417e-04
-4.432660637979997007e-04
1.293356011049463274e-03
1.855909555496191839e-04
-3.044248256386491080e-04
5.608496776643126687e-04
-1.171500476824005100e-04
-4.070696104169975221e-04
3.733700696716087987e-04
8.054282317986010797e-05
-1.989577789992510505e-04
3.083860397704317512e-04
7.360398718127973466e-05
-3.371873217764465480e-04
