-2.151627150750149320e-04
-5.244432190438820789e-04
-8.467286089082423379e-04
-5.755551209402857277e-04
-5.536937939214970792e-04
-7.892605894843456298e-04
-4.892154882796040166e-04
-5.178431972395130612e-04
-1.001030336778352360e-03
-7.468510798297233258e-04
-6.145882143791430233e-04
-9.237690238529063695e-04
-1.574863028477370983e-04
3.671746794590239346e-04
-2.950803724806088844e-04
3.039285809494389674e-04
1.033984719276065086e-03
-7.014877447839113433e-05
3.797404913599883346e-04
1.858874124003239044e-03
4.669697830194400527e-04
1.707461708608473835e-04
3.045581032737670977e-03
3.800900406239902246e-03
4.110102112977338448e-03
6.801890326054941399e-03
6.918341632059265764e-03
6.347371275430218653e-03
9.003426353322949161e-03
8.456563877212240621e-03
6.004989772356166509e-03
8.252954243136422299e-03
7.228961341830298336e-03
1.237272632309386038e-03
1.376865909833172464e-03
3.491475760076312614e-03
1.547492906380994702e-03
1.761656758161096736e-03
-7.718118400253428648e-04
-7.272786260299397322e-03
-5.365791895262769264e-03
-6.926266717116874062e-03
-2.266877562644624422e-02
-2.914510245487417911e-02
-2.960139825480260015e-02
-4.611907165762554189e-02
-5.289881226733619823e-02
-4.573907834371297720e-02
-6.475060905102326958e-02
-6.945859464500148128e-02
7.595088127499419069e-18
6.932708493958585072e-02
6.450563959473272491e-02
4.547974112749017528e-02
5.249924308522681965e-02
4.568398246692047249e-02
2.926655264145513330e-02
2.876076749556816248e-02
2.232739321574081504e-02
6.809005791324936052e-03
5.264925710255319129e-03
7.122500753414026838e-03
7.544242364405378968e-04
-1.718688596357119402e-03
-1.506868640509793173e-03
-3.393326412941463904e-03
-1.335602163313825974e-03
-1.197894704908111395e-03
-6.985471960329126158e-03
-7.959662832268519020e-03
-5.780449183464323598e-03
-8.124674233959641723e-03
-8.633384833547801118e-03
-6.074729252499416407e-03
-6.608352104296966525e-03
-6.484511636790465938e-03
-3.910704440335643038e-03
-3.609456284411891210e-03
-2.886532632184877177e-03
-1.615125696058915554e-04
-4.408502790640719360e-04
-1.751447716438876050e-03
-3.570892236235602034e-04
6.583400401996107457e-05
-9.684612976753165757e-04
-2.841025933513808849e-04
2.752814450025117777e-04
-3.418532157233513270e-04
1.463313377116778554e-04
8.566092373835927469e-04
5.687553464573947811e-04
6.897539501025176916e-04
9.226208415775440617e-04
4.763069975978280923e-04
4.490537012204019870e-04
7.229770799697868419e-04
5.061466102689107793e-04
5.250402517673501872e-04
7.708062799725543283e-04
4.764211660481197912e-04
