0.000000	195.421280
0.650195	178.944778
1.300390	171.490952
1.950585	170.810242
2.600780	168.333206
3.250975	170.042450
3.901170	170.326309
4.551365	167.191025
5.201560	165.761963
5.851756	167.547882
6.501951	166.054672
7.152146	161.475967
7.802341	165.933655
8.452536	160.710785
9.102731	158.063950
9.752926	163.993057
10.403121	158.084000
11.053316	157.247040
11.703511	155.061234
12.353706	158.349319
13.003901	152.185944
13.654097	159.690933
14.304292	153.840881
14.954487	150.213257
15.604681	154.721558
16.254877	158.756912
16.905071	151.066574
17.555267	157.414566
18.205462	154.622650
18.855658	154.064346
19.505852	161.981888
20.156048	156.769623
20.806242	142.746811
21.456436	155.553665
22.106632	149.310394
22.756826	155.660950
23.407022	154.862198
24.057217	147.566162
24.707413	139.789642
25.357607	143.289932
26.007803	143.567505
26.657997	137.284149
27.308193	145.317032
27.958387	146.141495
28.608583	145.267044
29.258778	153.371933
29.908974	157.242874
30.559168	144.593582
31.209362	147.575256
31.859558	154.689011
32.509754	154.989792
33.159946	148.585800
33.810143	149.852753
34.460339	154.236237
35.110535	146.963898
35.760727	150.214157
36.410923	154.080551
37.061119	143.850113
37.711315	143.625504
38.361507	139.124847
39.011703	146.818771
39.661900	142.527405
40.312096	145.387344
40.962288	143.582001
41.612484	147.640823
42.262680	150.089279
42.912872	147.319809
43.563068	149.192947
44.213264	139.960709
44.863461	147.618561
45.513653	148.321152
46.163849	146.375504
46.814045	152.568741
47.464241	144.354340
48.114433	150.157990
48.764629	137.367508
49.414825	144.549225
50.065022	145.932571
50.715214	144.463181
51.365410	138.243958
52.015606	138.340195
52.665798	135.960876
53.315994	141.425812
53.966190	144.550659
54.616386	142.343323
55.266579	145.872253
55.916775	147.931107
56.566971	139.546707
57.217167	145.333405
57.867359	150.790253
58.517555	144.240982
59.167751	138.369446
59.817947	147.077820
60.468140	141.542953
61.118336	148.182037
61.768532	144.210159
62.418724	142.965790
63.068920	141.931931
63.719116	144.196259
64.369308	132.387772
65.019508	134.558273
65.669701	144.124634
66.319893	137.697418
66.970093	141.087067
67.620285	141.065887
68.270485	136.211121
68.920677	141.411041
69.570869	140.981003
70.221069	147.505783
70.871262	139.209732
71.521454	147.819794
72.171654	147.100647
72.821846	141.106750
73.472038	136.299683
74.122238	148.316177
74.772430	144.915680
75.422630	132.801117
76.072823	142.289185
76.723015	142.367004
77.373215	135.634674
78.023407	137.543625
78.673599	141.971054
79.323799	132.444397
79.973991	134.087036
80.624191	144.582764
81.274384	138.186401
81.924576	140.896500
82.574776	127.145981
83.224968	139.044052
83.875160	147.854752
84.525360	144.229599
85.175552	143.139008
85.825745	142.951721
86.475945	145.240295
87.126137	140.677277
87.776337	134.526886
88.426529	147.347397
89.076721	141.055771
89.726921	138.783203
90.377113	139.808289
91.027306	125.797394
91.677505	136.869217
92.327698	133.601563
92.977898	136.946640
93.628090	143.639206
94.278282	142.090698
94.928482	138.468460
95.578674	141.628998
96.228867	142.718979
96.879066	134.001129
97.529259	143.425003
98.179451	140.947235
98.829651	143.250320
99.479843	144.206223
100.130043	147.043701
100.780235	145.497147
101.430428	139.577911
102.080627	136.819016
102.730820	147.275177
103.381012	140.178741
104.031212	139.871689
104.681404	131.986557
105.331596	139.962845
105.981796	132.437958
106.631989	133.528595
107.282188	136.467926
107.932381	141.169785
108.582573	134.802795
109.232773	142.631714
109.882965	139.036011
110.533157	142.328430
111.183357	142.859619
111.833549	142.227921
112.483749	139.396515
113.133942	141.365402
113.784134	138.256241
114.434334	146.574432
115.084526	142.104507
115.734718	133.578278
116.384918	130.596176
117.035110	136.208023
117.685303	138.426056
118.335503	132.842789
118.985695	133.453751
119.635895	128.665207
120.286087	141.012329
120.936279	143.669556
121.586479	138.056946
122.236671	137.302917
122.886864	143.363678
123.537064	146.552780
124.187256	141.591278
124.837448	138.621918
125.487648	134.520493
126.137840	114.957504
126.788040	138.488022
127.438232	135.344742
128.088425	144.560104
128.738617	137.415283
129.388824	143.135864
130.039017	138.117432
130.689209	137.011002
131.339401	136.988693
131.989594	131.704681
132.639786	139.759506
133.289993	135.319397
133.940186	135.439331
134.590378	137.572037
135.240570	127.468430
135.890762	139.660324
136.540970	142.205795
137.191162	140.808884
137.841354	140.481171
138.491547	143.178665
139.141739	142.471451
139.791931	137.314957
140.442139	143.804565
141.092331	134.446381
141.742523	139.078674
142.392715	133.681046
143.042908	137.416794
143.693115	136.346252
144.343307	130.320923
144.993500	136.396454
145.643692	136.194260
146.293884	127.393967
146.944077	139.366531
147.594284	141.011078
148.244476	129.985031
148.894669	145.456329
149.544861	144.066376
150.195053	127.643311
150.845261	136.166367
151.495453	139.558792
152.145645	144.493805
152.795837	126.890472
153.446030	138.355042
154.096237	138.384155
154.746429	126.092682
155.396622	138.860687
156.046814	141.460098
156.697006	142.297760
157.347198	134.060883
157.997406	135.066132
158.647598	134.106979
159.297791	124.913742
159.947983	138.853180
160.598175	138.163467
161.248383	143.062637
161.898575	135.651474
162.548767	142.880493
163.198959	139.035004
163.849152	143.918747
164.499344	140.501328
165.149551	143.625183
165.799744	139.581467
166.449936	141.339340
167.100128	140.865158
167.750320	141.888992
168.400528	145.596512
169.050720	135.942520
169.700912	138.839630
170.351105	125.813683
171.001297	133.813965
171.651489	134.181274
172.301697	135.537735
172.951889	136.872986
173.602081	134.574982
174.252274	129.741379
174.902466	111.884422
175.552673	143.155838
176.202866	134.769608
176.853058	138.561462
177.503250	139.899384
178.153442	144.498260
178.803635	135.998978
179.453842	141.771240
180.104034	143.817368
180.754227	140.189392
181.404419	139.578705
182.054611	133.285645
182.704819	138.682190
183.355011	140.136322
184.005203	138.604675
184.655396	129.539169
185.305588	136.708023
185.955795	137.511444
186.605988	137.913574
187.256180	141.901932
187.906372	136.575165
188.556564	143.274597
189.206757	135.149033
189.856964	142.703674
190.507156	142.434326
191.157349	135.536224
191.807541	140.376160
192.457733	134.833679
193.107941	137.911987
193.758133	130.323242
194.408325	138.512314
195.058517	134.592926
195.708710	137.110199
196.358902	133.689514
197.009109	135.199814
197.659302	138.111664
198.309494	137.968582
198.959686	138.658020
199.609879	133.018570
200.260086	140.548721
200.910278	136.179764
201.560471	133.968781
202.210663	141.990494
202.860855	131.009079
203.511047	139.294113
204.161255	128.979156
204.811447	140.529800
205.461639	136.593262
206.111832	144.393372
206.762024	132.734055
207.412231	132.354568
208.062424	138.298782
208.712616	136.412994
209.362808	138.051483
210.013000	133.847321
210.663193	130.361176
211.313400	137.505951
211.963593	142.526535
212.613785	143.110123
213.263977	140.839737
213.914169	135.967178
214.564377	127.215279
215.214569	133.753143
215.864761	142.741577
216.514954	139.397461
217.165146	135.705872
217.815353	136.238342
218.465546	136.813187
219.115738	139.582855
219.765930	120.835388
220.416122	127.508003
221.066315	141.420181
221.716522	132.233612
222.366714	135.467896
223.016907	129.605331
223.667099	128.345901
224.317291	136.510941
224.967499	136.541977
225.617691	133.868423
226.267883	127.416145
226.918076	142.392395
227.568268	139.394485
228.218460	145.027908
228.868668	135.473343
229.518860	137.679138
230.169052	136.209290
230.819244	144.270264
231.469437	143.112778
232.119644	137.482788
232.769836	139.352081
233.420029	135.158401
234.070221	135.824265
234.720413	136.183807
235.370605	131.017120
236.020813	111.756813
236.671005	134.695114
237.321198	131.343521
237.971390	120.863571
238.621582	136.994904
239.271790	134.612335
239.921982	136.796814
240.572174	132.685593
241.222366	137.598175
241.872559	136.604889
242.522751	137.456146
243.172958	135.952011
243.823151	134.231476
244.473343	139.100723
245.123535	143.717804
245.773727	129.770752
246.423935	135.514801
247.074127	137.433395
247.724319	134.945953
248.374512	134.825256
249.024704	138.435837
249.674896	126.622742
250.325104	136.598373
250.975296	133.509155
251.625488	138.515930
252.275681	125.631699
252.925873	135.935257
253.576080	138.990952
254.226273	139.196091
254.876465	132.904572
255.526657	138.184341
256.176849	139.818024
256.827057	137.511673
257.477234	138.582901
258.127441	132.530426
258.777649	140.175049
259.427826	133.163055
260.078033	130.119003
260.728210	135.392593
261.378418	137.810333
262.028595	138.446045
262.678802	132.720001
263.329010	139.023834
263.979187	134.485367
264.629395	136.935699
265.279572	126.186752
265.929779	133.870483
266.579987	135.463501
267.230164	137.352661
267.880371	139.063889
268.530548	130.961182
269.180756	139.338806
269.830963	132.811218
270.481140	136.393448
271.131348	111.441048
271.781525	137.419510
272.431732	130.512085
273.081940	124.859314
273.732117	127.259491
274.382324	137.146973
275.032501	134.062271
275.682709	124.077316
276.332916	134.139130
276.983093	128.336014
277.633301	126.961594
278.283478	140.507202
278.933685	133.877380
279.583862	133.829208
280.234070	133.197113
280.884277	135.669800
281.534454	133.078522
282.184662	140.599014
282.834839	129.602753
283.485046	131.195053
284.135254	129.753830
284.785431	138.229584
285.435638	135.633850
286.085815	134.837784
286.736023	133.709091
287.386230	133.922470
288.036407	137.318222
288.686615	131.346146
289.336792	124.584885
289.987000	131.348785
290.637207	130.400070
291.287384	123.741684
291.937592	122.951439
292.587769	125.514664
293.237976	134.267487
293.888153	133.499573
294.538361	134.208755
295.188568	138.064041
295.838745	133.904709
296.488953	130.781006
297.139130	138.870682
297.789337	139.185150
298.439545	133.479279
299.089722	134.656433
299.739929	138.255005
300.390106	140.700439
301.040314	127.980057
301.690521	127.113998
302.340698	134.739029
302.990906	118.780182
303.641083	131.181442
304.291290	123.370140
304.941498	120.643547
305.591675	138.547974
306.241882	127.584755
306.892059	134.319748
307.542267	127.392212
308.192474	139.903580
308.842651	138.042023
309.492859	135.127289
310.143036	128.262634
310.793243	122.255295
311.443420	127.503899
312.093628	138.217224
312.743835	133.629501
313.394012	136.036209
314.044220	136.970337
314.694397	126.802361
315.344604	137.346771
315.994812	128.448044
316.644989	132.471329
317.295197	129.754517
317.945374	130.770889
318.595581	141.971237
319.245789	136.712677
319.895966	140.098221
320.546173	127.445290
321.196350	137.791855
321.846558	141.334595
322.496765	128.457062
323.146942	122.900253
323.797150	129.414124
324.447327	138.108276
325.097534	132.721878
325.747711	136.633667
326.397919	123.633377
327.048126	135.317322
327.698303	135.037567
328.348511	128.278366
328.998688	107.747993
329.648895	133.274368
330.299103	131.959625
330.949280	129.966385
331.599487	130.713547
332.249664	134.560272
332.899872	133.358383
333.550079	138.308640
334.200256	126.836250
334.850464	136.140350
335.500641	133.113403
336.150848	134.605560
336.801056	140.591034
337.451233	133.016357
338.101440	130.383896
338.751617	133.783630
339.401825	135.714859
340.052032	124.482544
340.702209	124.342049
341.352417	130.768738
342.002594	129.871445
342.652802	133.297134
343.302979	117.557465
343.953186	136.502335
344.603394	132.785767
345.253571	138.116531
345.903778	126.616203
346.553955	130.929688
347.204163	132.343430
347.854370	138.590027
348.504547	135.399384
349.154755	122.338409
349.804932	133.608459
350.455139	131.893448
351.105347	134.813904
351.755524	129.688950
352.405731	138.247559
353.055908	134.704224
353.706116	138.961548
354.356323	129.892227
355.006500	128.738708
355.656708	134.404221
356.306885	134.616272
356.957092	134.050049
357.607269	134.303497
358.257477	116.037743
358.907684	134.835999
359.557861	138.711884
360.208069	134.777313
360.858246	140.070541
361.508453	132.414139
362.158661	111.628311
362.808838	131.000763
363.459045	130.129074
364.109222	132.989746
364.759430	138.159302
365.409637	133.986633
366.059814	123.757637
366.710022	130.913574
367.360199	132.581253
368.010406	130.055481
368.660614	135.027328
369.310791	135.924927
369.960999	133.561569
370.611176	138.656860
371.261383	137.837646
371.911591	135.761520
372.561768	137.315445
373.211975	139.832367
373.862152	128.282410
374.512360	126.055466
375.162537	136.751389
375.812744	139.858536
376.462952	133.152267
377.113129	136.403564
377.763336	136.378464
378.413513	133.487411
379.063721	132.259888
379.713928	129.849442
380.364105	134.683563
381.014313	133.593307
381.664490	132.106201
382.314697	133.264297
382.964905	129.996460
383.615082	130.827164
384.265289	124.409424
384.915466	136.805344
385.565674	135.606888
386.215881	134.624664
386.866058	125.514420
387.516266	140.478729
388.166443	132.777283
388.816650	133.935547
389.466827	131.272400
390.117035	130.292267
390.767242	128.351761
391.417419	138.928177
392.067627	122.728455
392.717804	132.189713
393.368011	130.343048
394.018219	134.642914
394.668396	136.081207
395.318604	131.121078
395.968781	126.504097
396.618988	120.755127
397.269196	128.758484
397.919373	133.171112
398.569580	131.876907
399.219757	132.829712
399.869965	134.507294
400.520172	141.414520
401.170349	131.139008
401.820557	134.387878
402.470734	134.040237
403.120941	134.789825
403.771149	130.021591
404.421326	133.773087
405.071533	124.044106
405.721710	130.704742
406.371918	137.715164
407.022095	129.400787
407.672302	129.915634
408.322510	134.920074
408.972687	134.259171
409.622894	123.336754
410.273071	138.303665
410.923279	126.407135
411.573486	121.682281
412.223663	123.775475
412.873871	131.191284
413.524048	134.036118
414.174255	132.529755
414.824463	126.858864
415.474640	136.118637
416.124847	128.180603
416.775024	136.757538
417.425232	135.930573
418.075439	132.302628
418.725616	136.933762
419.375824	131.637177
420.026001	131.144394
420.676208	134.743729
421.326385	130.769775
421.976593	137.396683
422.626801	127.332153
423.276978	123.019249
423.927185	132.834839
424.577362	137.495804
425.227570	140.828384
425.877777	129.608780
426.527954	131.159805
427.178162	140.919586
427.828339	136.555786
428.478546	132.033539
429.128754	137.002777
429.778931	131.299881
430.429138	133.140381
431.079315	133.807693
431.729523	124.180077
432.379730	134.602249
433.029907	128.667664
433.680115	131.613815
434.330292	132.479767
434.980499	139.583466
435.630707	135.384872
436.280884	137.921753
436.931091	135.355698
437.581268	132.794220
438.231476	124.009323
438.881653	134.917740
439.531860	140.015503
440.182068	128.037598
440.832245	137.184814
441.482452	119.245529
442.132629	127.099228
442.782837	136.643097
443.433044	126.064178
444.083221	135.234924
444.733429	136.055786
445.383606	137.697647
446.033813	134.524918
446.684021	130.953613
447.334198	125.794304
447.984406	126.091385
448.634583	130.660828
449.284790	124.174690
449.934998	138.557220
450.585175	131.953690
451.235382	133.578735
451.885559	135.005676
452.535767	133.827805
453.185944	120.580734
453.836151	134.390900
454.486359	139.924683
455.136536	121.982651
455.786743	136.878220
456.436920	131.087570
457.087128	140.733719
457.737335	119.526855
458.387512	130.449890
459.037720	129.137787
459.687897	126.204376
460.338104	127.127159
460.988312	118.092079
461.638489	128.408707
462.288696	134.731049
462.938873	128.949158
463.589081	135.338211
464.239288	134.677795
464.889465	131.473251
465.539673	136.109909
466.189850	122.455765
466.840057	132.191559
467.490265	134.807220
468.140442	130.703079
468.790649	132.835922
469.440826	131.804947
470.091034	137.337555
470.741211	124.327789
471.391418	134.190338
472.041626	128.353195
472.691803	134.976898
473.342010	132.521454
473.992188	114.083786
474.642395	136.426941
475.292603	127.556870
475.942780	133.283737
476.592987	108.764572
477.243164	133.766342
477.893372	134.046127
478.543579	129.274246
479.193756	129.653687
479.843964	134.800842
480.494141	134.293945
481.144348	123.945381
481.794556	131.420227
482.444733	139.424225
483.094940	136.458267
483.745117	135.206985
484.395325	124.764801
485.045502	136.084564
485.695709	135.528580
486.345917	129.579834
486.996094	130.689362
487.646301	130.480576
488.296478	130.806137
488.946686	133.827072
489.596893	132.579514
490.247070	133.228363
490.897278	132.681046
491.547455	135.766251
492.197662	132.544373
492.847870	134.932587
493.498047	138.076492
494.148254	133.715363
494.798431	131.328918
495.448639	124.957008
496.098846	130.760483
496.749023	132.587769
497.399231	136.454498
498.049408	124.757797
498.699615	133.093216
499.349792	130.944077
500.000000	128.994888
